91042
56758
90107
99514
86150
84154
101982
69401
55017
92685
57826
67109
61881
66375
65531
61224
44272
44364
58927
73510
65146
53252
71609
37578
75548
75331
99975
86556
56409
83612
77470
65923
81215
83081
80374
84556
54510
67698
67003
49685
58020
81067
58920
77086
47084
65834
64277
68382
57373
47953
30135
21268
27958
24870
21401
24928
23902
28962
25635
24149
26658
22585
25166
23247
22528
23858
25116
23981
19034
20994
23476
24170
26788
21546
22563
26841
23453
25076
19303
22079
25275
24636
16487
22506
27480
28303
28167
23926
23488
26479
29582
28181
26381
20549
26316
22389
29362
25905
24600
25408
28871
24072
22127
20871
21764
23313
22401
20654
23843
23593
25195
24865
23590
22125
22455
25771
23377
23559
23781
29815
24020
24689
24175
21618
24696
14795
24743
20840
23133
23585
25995
22974
21103
24573
29204
25376
24741
22302
21371
23432
26314
27778
22051
24688
24063
26352
25096
23872
24129
22128
29124
24578
26458
24806
29571
27360
20868
27792
24492
22382
24641
22529
25823
22584
22789
25760
21636
26406
23765
22904
25048
23772
23715
27133
24920
26794
22849
26507
15373
15432
25859
21829
24574
24072
22223
24525
28325
22757
24857
21811
26561
25766
23038
23155
24012
27836
27425
23124
22650
25137
23793
23496
27433
22652
25334
21934
21602
26810
24436
23714
24353
19738
27339
22524
24139
-43020
21762
25318
19609
23677
23349
18936
26375
24470
21987
21085
20241
23224
20896
25861
25848
22540
26289
24022
23686
21656
19934
32840
22328
26606
24169
21651
25597
24138
25826
26059
24908
32895
24966
25288
27183
22701
25248
21634
28156
21916
21325
23141
23873
22621
20384
24105
22007
21358
21473
21317
21549
23602
28180
26869
23414
21973
-72231
26047
25700
24880
24628
25876
26285
27273
23772
23984
25711
27208
24532
25008
25268
28694
27738
25309
23952
21453
26023
25102
27675
23562
23907
28074
24909
23542
25223
24223
26423
22158
24644
20502
23176
26127
22776
23116
23445
28129
25214
22873
29232
23947
29309
-57421
10063
25751
27042
29713
28364
-60391
22226
25623
-60231
25813
24557
25136
23427
27325
28303
26404
24675
24265
28702
26797
24580
24118
18629
26314
24001
20389
23673
22518
26721
24803
22911
24422
