822647713
1000156863
1000109471
999854656
1000044335
1000136510
999683125
999763733
999363937
999840009
999409684
1000044925
999542682
1000227257
999768145
999869610
999413111
999983749
999991290
999965590
1000183955
1000159608
999986374
999148094
999034766
999376317
999033020
999808134
999764480
999249172
999877125
1000144099
999257218
999871798
999194141
999498556
1000216317
999041276
998968997
999595446
999057397
999899466
999038205
1000025279
999616011
999038399
999799412
999442350
999756757
1000121501
729602892
999026869
998980332
999526859
951188835
1001132254
911752600
999137878
999428846
999939055
999974271
906236170
906521565
1000626812
968058467
998987849
1000271635
1000056044
998953977
998947360
1000984844
999597227
999054984
883752255
1000448512
999899008
998978893
998989271
998985952
999526540
998994452
999859703
999149883
998987168
998955784
998948871
998952731
998964927
998982253
1000294886
998991502
999251997
998945211
998949497
998984790
1001048752
998959664
999199817
998953853
998972596
998978670
999223110
963991989
999966321
998987605
998978014
998986248
999508474
998985906
998986991
998988737
998991537
959315434
998985100
998984253
998987491
998979058
1000013805
998985604
998984666
999218581
942182298
999242660
998981623
999734247
999031146
869605675
1000128308
999879294
1000031156
999250391
999970493
999343832
999523975
998985745
817744782
999079493
1019559228
908287036
998983448
998987455
998984989
1000023093
999868965
999090956
998984575
1000053266
999829319
892936649
998987163
999897213
958281917
999359186
895995717
998981849
999873713
999223108
999370339
920526315
998984098
874237173
906196940
959129013
1000039312
998977698
998952022
841844386
999577960
999987456
998986669
998963815
930024343
998983531
1000052239
998978990
998980493
998985443
830581525
999341730
999270556
998985342
998986352
999136429
999964766
999141919
998981444
998985952
998981625
999643130
998985230
998980265
999296017
998983780
998985815
998992194
998982581
1000523922
898203460
370419861
999401576
909949749
1000052241
998987372
998984902
999028954
998989525
998985128
972461091
999683580
999611248
998982236
998986865
905815185
966526461
998983216
971599196
998988521
852933269
999967942
998984716
999975000
915775285
999046668
998978443
990349031
999621788
999013565
885586025
999863931
1000321721
998981122
725645404
918466453
972336147
941213187
965634203
999251743
1001733621
1000135278
999861607
1000048085
998993766
1006006222
999070620
999195133
999970972
998982744
664733839
998991974
1000486776
1000788627
999770090
999527382
998980835
999349660
999781558
799467173
792929928
999550126
999636027
1000504553
999162212
906963316
851644112
999968737
998984299
970189270
999869076
999008481
830344854
997053669
1000872823
1000019750
999704023
999518130
998954017
999012664
1000753847
999285186
900219418
998986700
999747962
999788347
974225913
998984115
999015468
998981564
999790448
1000065089
998985925
998983168
998982307
998979406
747651369
998990347
806478573
999536691
998978549
906247309
511732204
999973445
1000016683
999259382
998979390
711285745
998976632
713759360
1000199219
999939103
963994281
972665099
998985577
999101283
999825105
885144638
999678191
999771787
1000038548
999358865
998987563
999743662
1000028145
999888927
1000143356
999872993
999168062
1000030035
1000689689
707980266
1000475746
871302285
999013850
999798521
999883862
998982119
999966534
1000798595
815148168
999841343
1000309596
999914607
999485284
1000030800
998980041
998980677
999259958
999541207
999982026
998979202
998977652
