72418
66034
59127
57652
56837
74632
74570
72528
73113
13604
72166
77954
55490
57810
76405
57547
74596
60816
57288
72677
74189
65137
57265
71155
73029
52515
59634
55464
56328
56516
64401
58408
57715
56658
55688
55645
60996
35122
71831
71032
69176
74387
73725
76129
75208
54322
77369
73223
72517
70844
21147
33419279
16111
12461
11472
19288
18204
18346
14379
15634
18243
16907
13829
13296
155635199
18028
19960
12363
16960
23272
15600
19013
14506
18244
19858
15593
16843
14981
26352
21139
18650
19618
13581
21191
19653
14994
14666
15777
21190
20451
16126
19573
16488
17708
24721
14547
13381
12315
19650
19339
25332
16864
12437
14172
18695
27940
21035
20261
19297
17970
21220
18015
21126
19238
23488
27118
18021
14388
10684
15643
20624
17315
14222
17972
21549
16036
20086
17670
16486
22505
23860
19031
72044976
26232
24064
12255
11946
17278
7031987
20934
17247
11949
12610
22619
23506
22606
18453
12426
20024
18129
19971292
12847
11544
17438
21990
19914
18847
17859
23330
62040868
16932
12399
12912
24014
21325
17378
16840
17479
17920
23978
72481951
13900
40942
16571
13778
13935
18844
14581
13879
13819
18009
15380
18163
12658
15880
15891
15352
23635
16103
12817
22918
15099
23100
20708
17561
14462




30952382
16847
20738
15046
17824726
432165816
51727
31469354
17147
27558
18249
14671
21177
17392
34649921
19231
40049881
18435
13412
12281
22051
17680
15518
15195
16750
21838
15322
17025
20142
13706
18378
24298
22460
19271
18262
115826682
21669
139552845
25162
12632
141561748
23768
